0	0.00E+00	0	0	0	0
0.51	0.2063	0.20656	2.17E-02	1.94E-01	1.99E-01
1.02	3.19462	3.67385	1.78325	3.63251	3.84158
1.53	10.51926	13.65447	9.58368	13.9236	14.65998
2.04	19.54651	27.11517	22.07339	27.92146	27.86913
2.55	30.85843	38.84434	34.76286	40.21011	40.0132
3.054	42.85344	47.70785	44.24017	49.4363	49.3304
3.564	52.54794	55.59391	51.98817	56.38846	55.38298
4.074	59.30884	62.27759	58.80445	61.83359	59.87928
4.584	63.65221	66.86183	64.02477	65.92565	63.86078
5.094	66.29288	69.57663	67.3745	68.70094	66.70503
5.604	67.80768	71.09584	69.31017	70.38881	68.43597
6.114	68.61231	71.9493	70.39804	71.3534	69.43286
6.624	69.28233	72.44326	71.028	71.91897	70.00861
7.128	69.78731	72.73943	71.4004	72.26808	70.35761
7.638	70.1374	72.94403	71.64812	72.49149	70.57226
8.148	70.38464	73.09961	71.84195	72.65037	70.7124
8.658	70.56603	73.21345	71.99166	72.77706	70.83807
9.168	70.69326	73.29525	72.10862	72.88388	70.9455
9.678	70.78628	73.35774	72.20446	72.97116	71.0343
10.188	70.84661	73.40291	72.28151	73.04336	71.11481
10.698	70.90091	73.44222	72.34435	73.10461	71.18464
11.202	70.95523	73.47177	72.39364	73.15536	71.24562
11.712	71.01251	73.49895	72.43695	73.20078	71.29877
12.222	71.07361	73.52437	72.47767	73.23615	71.33796
12.732	71.13542	73.54751	72.51756	73.27389	71.37512
13.242	71.19077	73.57226	72.55661	73.30776	71.41351
13.752	71.23777	73.59515	72.60031	73.34736	71.45284
14.262	71.2779	73.6194	72.64642	73.38375	71.49227
14.772	71.30893	73.64068	72.68794	73.42543	71.53919
15.276	71.34238	73.6618	72.72522	73.46279	71.58579
15.786	71.37966	73.6773	72.75841	73.49695	71.62524
16.296	71.42583	73.69603	72.78964	73.5268	71.65928
16.806	71.47	73.71358	72.82151	73.55327	71.68779
17.316	71.51742	73.73062	72.85122	73.58217	71.71672
17.826	71.55921	73.75203	72.88458	73.60847	71.74703
18.336	71.59489	73.7682	72.92337	73.64173	71.7776
18.846	71.62001	73.78631	72.95791	73.67346	71.81705
19.35	71.64769	73.80273	72.99089	73.70586	71.85382
19.86	71.67925	73.81899	73.0234	73.73811	71.888
20.37	71.7122	73.83453	73.05085	73.76527	71.91936
20.88	71.74995	73.84922	73.07774	73.78625	71.94532
21.39	71.79089	73.86275	73.10476	73.81354	71.97287
21.9	71.82371	73.88093	73.13481	73.83775	71.99534
22.41	71.86014	73.89534	73.16483	73.86299	72.02161
22.92	71.88379	73.91195	73.19726	73.88801	72.05147
23.424	71.90628	73.92701	73.22713	73.91495	72.08449
23.934	71.92967	73.93902	73.25539	73.93978	72.11555
24.444	71.95778	73.95209	73.27797	73.96412	72.14319
24.954	71.98934	73.96292	73.29972	73.9833	72.16505
25.464	72.02507	73.97799	73.32185	74.00505	72.18841
25.974	72.05674	73.98921	73.34695	74.02358	72.21102
26.484	72.08366	74.00564	73.37264	74.04645	72.23159
26.994	72.10454	74.01426	73.39897	74.07095	72.25479
27.498	72.12421	74.02766	73.42861	74.09125	72.28185
28.008	72.1448	74.03899	73.45076	74.11658	72.30801
28.518	72.16782	74.05005	73.47358	74.13552	72.33128
29.028	72.19385	74.06236	73.49263	74.15334	72.35487
29.538	72.22095	74.07059	73.51073	74.1723	72.37074
30.048	72.24902	74.07958	73.53049	74.18733	72.38983
30.558	72.2718	74.09146	73.5524	74.20641	72.40663
31.068	72.29365	74.1027	73.57301	74.22801	72.42706
31.572	72.30866	74.10938	73.5977	74.24457	72.44939
32.082	72.32448	74.11957	73.62015	74.26347	72.47469
32.592	72.34489	74.12845	73.64027	74.28356	72.49641
33.102	72.3628	74.1335	73.65687	74.29935	72.51312
33.612	72.3873	74.14328	73.67367	74.31703	72.53078
34.122	72.41132	74.15265	73.69327	74.33035	72.54506
34.632	72.43316	74.16011	73.7095	74.34497	72.56092
35.142	72.45167	74.17028	73.72895	74.35977	72.57705
35.646	72.46598	74.1772	73.74946	74.37755	72.59465
36.156	72.48273	74.18564	73.76723	74.39573	72.61383
36.666	72.49887	74.19591	73.78413	74.41195	72.63352
37.176	72.51465	74.2032	73.80059	74.42601	72.64924
37.686	72.53159	74.2121	73.81451	74.43846	72.66563
38.196	72.55226	74.21907	73.82936	74.45252	72.67832
38.706	72.57001	74.22972	73.84601	74.46432	72.69252
39.216	72.58751	74.23923	73.86205	74.47754	72.70604
39.72	72.60191	74.24576	73.87708	74.49009	72.71932
40.23	72.6161	74.25646	73.8945	74.50344	72.73713
40.74	72.62871	74.26654	73.90947	74.51975	72.75294
41.25	72.643	74.27419	73.92193	74.53558	72.76696
41.76	72.6583	74.28155	73.93691	74.54597	72.77997
42.27	72.67553	74.28991	73.94934	74.55558	72.79362
42.78	72.69012	74.29548	73.96156	74.56618	72.80432
43.29	72.70647	74.30699	73.97608	74.5816	72.81646
43.794	72.72011	74.31289	73.98741	74.59242	72.82986
44.304	72.73372	74.32408	74.00184	74.60338	72.84259
44.814	72.74384	74.33016	74.01516	74.61632	72.8558
45.324	72.75632	74.33959	74.03203	74.62555	72.86938
45.834	72.76914	74.34736	74.04549	74.63549	72.88169
46.344	72.78374	74.35285	74.05938	74.64678	72.89004
46.854	72.79618	74.36175	74.06879	74.6558	72.90227
47.364	72.81166	74.3719	74.07897	74.66627	72.91288
47.868	72.82394	74.37745	74.09041	74.67815	72.92379
48.378	72.83471	74.38538	74.10403	74.6878	72.93373
48.888	72.84497	74.39585	74.11485	74.69845	72.94713
49.398	72.85338	74.40309	74.12535	74.71093	72.95548
49.908	72.86412	74.40886	74.13652	74.72091	72.96788
50.418	72.87672	74.41625	74.14753	74.73085	72.97785
50.928	72.88827	74.42155	74.16144	74.74055	72.98655
51.438	72.89908	74.42678	74.17031	74.74809	72.99465
51.942	72.91126	74.43383	74.17991	74.75809	73.00536
52.452	72.92021	74.4409	74.19117	74.76537	73.01497
52.962	72.92867	74.44782	74.20207	74.77676	73.0281
53.472	72.93926	74.45625	74.2095	74.78406	73.03709
53.982	72.94896	74.46184	74.22124	74.79407	73.04488
54.492	72.95788	74.46883	74.23241	74.80167	73.05187
54.996	72.96872	74.47715	74.2424	74.80807	73.06127
55.512	72.97904	74.48023	74.25066	74.81609	73.07098
56.016	72.98846	74.48922	74.25984	74.82472	73.07955
56.526	72.99794	74.49749	74.27134	74.83429	73.08878
57.036	73.00796	74.50316	74.28136	74.84123	73.097
57.546	73.01536	74.51041	74.28872	74.8507	73.10638
58.056	73.02343	74.51696	74.29769	74.85748	73.11365
58.566	73.03146	74.52134	74.30597	74.86337	73.12354
59.076	73.03979	74.52517	74.31534	74.87383	73.1317
59.586	73.05255	74.53405	74.32543	74.88047	73.13715
60.09	73.06007	74.54117	74.3341	74.8867	73.14525
60.6	73.06986	74.54602	74.34115	74.89636	73.15538
61.11	73.08063	74.55391	74.35174	74.90463	73.16151
61.62	73.08668	74.55885	74.36104	74.90982	73.16709
62.13	73.09614	74.56483	74.36879	74.91737	73.17607
62.64	73.10244	74.57031	74.37807	74.92734	73.18339
63.15	73.11078	74.57737	74.38492	74.93388	73.19096
63.654	73.11853	74.58297	74.39356	74.94289	73.19733
64.164	73.1269	74.59011	74.40165	74.94891	73.20466
64.674	73.13602	74.59585	74.4063	74.95539	73.21304
65.184	73.14251	74.60326	74.41638	74.96428	73.22063
65.694	73.15139	74.60869	74.42131	74.97114	73.22771
66.204	73.15785	74.61476	74.43003	74.975	73.23485
66.714	73.1631	74.62101	74.44005	74.98453	73.24284
67.224	73.17183	74.62543	74.45224	74.99045	73.24919
67.728	73.17747	74.63169	74.45761	74.99727	73.25497
68.238	73.18726	74.63814	74.46586	75.00159	73.26381
68.748	73.195	74.64393	74.47094	75.0078	73.2681
69.258	73.20091	74.64972	74.47921	75.01441	73.2756
69.768	73.21027	74.65701	74.48816	75.02145	73.28209
70.278	73.21233	74.66255	74.49468	75.02956	73.28921
70.788	73.22163	74.66784	74.50265	75.03477	73.2961
71.298	73.22942	74.67516	74.50915	75.04391	73.30202
71.802	73.23746	74.68049	74.51795	75.04815	73.31112
72.312	73.24434	74.68617	74.52505	75.05417	73.31366
72.822	73.25092	74.69132	74.52928	75.06199	73.31973
73.332	73.25692	74.69589	74.53655	75.06634	73.32682
73.842	73.26238	74.70145	74.5439	75.07119	73.33158
74.352	73.26864	74.70776	74.54972	75.07717	73.33846
74.862	73.27373	74.71222	74.55802	75.08309	73.34559
75.372	73.28271	74.71632	74.56613	75.09124	73.35212
75.876	73.28941	74.72252	74.5731	75.0988	73.35794
76.386	73.29775	74.72519	74.58026	75.10416	73.3637
76.896	73.30328	74.73182	74.58604	75.10948	73.37049
77.406	73.3098	74.73771	74.59282	75.11637	73.37603
77.916	73.31585	74.74537	74.59984	75.12151	73.38226
78.426	73.32017	74.74785	74.60583	75.12837	73.38683
78.936	73.32705	74.75653	74.61153	75.1345	73.39185
79.44	73.33209	74.76301	74.61545	75.13924	73.40171
79.95	73.33894	74.76545	74.62257	75.1426	73.40774
80.46	73.34675	74.77157	74.63152	75.15004	73.41363
80.97	73.35315	74.77817	74.63704	75.15711	73.41707
81.48	73.36013	74.78133	74.64404	75.16228	73.42171
81.99	73.36649	74.78891	74.64859	75.1684	73.43117
82.5	73.37241	74.79273	74.65541	75.17094	73.43638
83.01	73.37664	74.79939	74.6634	75.17868	73.44249
83.52	73.38058	74.80597	74.66826	75.18349	73.44777
84.024	73.38753	74.81028	74.6752	75.18778	73.45177
84.534	73.39298	74.81548	74.67964	75.19205	73.4575
85.044	73.40227	74.82276	74.68667	75.19997	73.46346
85.554	73.40725	74.82613	74.68992	75.20632	73.46798
86.064	73.412	74.8328	74.69778	75.2107	73.4732
86.574	73.41862	74.83698	74.70356	75.21456	73.4796
87.084	73.42329	74.84274	74.71111	75.22209	73.48568
87.588	73.42827	74.84644	74.71925	75.22708	73.49123
88.098	73.43639	74.85097	74.72348	75.23452	73.4961
88.608	73.44244	74.85621	74.72773	75.23819	73.4995
89.118	73.44921	74.86337	74.73255	75.24237	73.50462
89.628	73.45253	74.86964	74.73866	75.24712	73.5115
90.138	73.46068	74.8743	74.74423	75.25427	73.516
90.648	73.46576	74.88154	74.75066	75.26065	73.5221
91.158	73.4711	74.8837	74.75728	75.26396	73.52756
91.668	73.47714	74.89041	74.76398	75.26628	73.53114
92.172	73.48262	74.89758	74.7707	75.27173	73.53903
92.682	73.48822	74.90142	74.77422	75.27683	73.54364
93.192	73.49181	74.90699	74.78035	75.28204	73.54805
93.702	73.4974	74.91127	74.78565	75.2904	73.55451
94.212	73.50362	74.91719	74.79375	75.2948	73.56176
94.722	73.50922	74.92303	74.8012	75.30177	73.56932
95.232	73.51465	74.92869	74.8052	75.30825	73.57239
95.736	73.52147	74.93164	74.80909	75.31374	73.57659
96.246	73.52796	74.9363	74.81648	75.31812	73.58248
96.756	73.53304	74.94135	74.82225	75.31949	73.58806
97.266	73.53931	74.9463	74.82752	75.32548	73.59306
97.776	73.54373	74.95524	74.83277	75.33016	73.599
98.286	73.54902	74.95948	74.8383	75.3329	73.60315
98.796	73.55429	74.96241	74.84183	75.34083	73.60813
99.306	73.5589	74.96859	74.84881	75.34636	73.61449
99.81	73.56375	74.97326	74.85372	75.35238	73.61876
100.32	73.57282	74.9795	74.85834	75.35745	73.62336
100.83	73.57575	74.98328	74.86629	75.36359	73.62953
101.34	73.58074	74.98747	74.87185	75.36733	73.63096
101.85	73.58633	74.99102	74.87513	75.37493	73.63659
102.36	73.59089	74.99625	74.88201	75.38421	73.64238
102.87	73.59801	75.00194	74.88864	75.38447	73.64987
103.38	73.60139	75.00508	74.8918	75.39144	73.65405
103.884	73.60909	75.01074	74.89847	75.39747	73.65841
104.394	73.61214	75.01848	74.9034	75.40229	73.66473
104.904	73.61628	75.02212	74.90691	75.40751	73.67061
105.414	73.62363	75.02848	74.91356	75.41247	73.67352
105.924	73.62684	75.0322	74.91862	75.41632	73.68126
106.434	73.6343	75.03703	74.92436	75.42	73.68684
106.944	73.63881	75.04332	74.92863	75.42531	73.6896
107.454	73.64455	75.04767	74.93475	75.43127	73.69607
107.958	73.64729	75.05304	74.94085	75.43684	73.70127
108.468	73.65208	75.05784	74.94637	75.44165	73.70325
108.978	73.6564	75.06346	74.95201	75.44592	73.711
109.488	73.66553	75.06867	74.95429	75.45144	73.7141
109.998	73.67249	75.07335	74.96183	75.45648	73.72051
110.508	73.67754	75.08002	74.9671	75.46214	73.72562
111.018	73.6814	75.08462	74.97671	75.46742	73.73157
111.528	73.68629	75.08991	74.98117	75.47129	73.73473
112.032	73.69322	75.09397	74.98654	75.47617	73.74174
112.542	73.69749	75.09744	74.99016	75.48458	73.74553
113.052	73.70288	75.10449	74.9951	75.48908	73.7491
113.562	73.70745	75.10996	74.99838	75.49466	73.75391
114.072	73.71198	75.11261	75.00452	75.49685	73.76142
114.582	73.71915	75.11695	75.00959	75.50169	73.76501
115.092	73.72053	75.12371	75.01413	75.50838	73.76775
115.602	73.72935	75.1272	75.02093	75.51279	73.77545
116.106	73.73291	75.1333	75.02603	75.51699	73.77996
116.616	73.73812	75.13855	75.02826	75.52223	73.78467
117.126	73.7445	75.14563	75.03708	75.52751	73.78882
117.636	73.74871	75.15078	75.0412	75.53314	73.79498
118.146	73.75352	75.1548	75.04648	75.53762	73.80008
118.656	73.75809	75.15949	75.0532	75.54295	73.80482
119.166	73.76393	75.16258	75.05819	75.54837	73.80921
119.676	73.77027	75.16702	75.06244	75.55427	73.81583
120.18	73.77289	75.17337	75.06733	75.55821	73.8212
120.69	73.77931	75.17788	75.07183	75.56329	73.8275
121.2	73.78175	75.18174	75.08046	75.57005	73.83027
121.71	73.78857	75.18812	75.08503	75.57221	73.83243
122.22	73.79587	75.19123	75.09049	75.57732	73.83851
122.73	73.80203	75.19679	75.09564	75.57892	73.84503
123.24	73.80615	75.20272	75.09873	75.58493	73.85029
123.744	73.81257	75.20652	75.10526	75.58986	73.85343
124.254	73.81662	75.21171	75.10861	75.59523	73.85896
124.764	73.82086	75.21915	75.11459	75.60134	73.86475
125.274	73.82438	75.22212	75.12045	75.60479	73.86752
125.784	73.82945	75.22695	75.12428	75.60877	73.87094
126.294	73.8366	75.23213	75.13089	75.61372	73.87779
126.804	73.84018	75.23734	75.1365	75.62027	73.88286
127.314	73.84685	75.24116	75.14179	75.62486	73.88709
127.824	73.85362	75.24693	75.14698	75.62889	73.89214
128.328	73.85488	75.2502	75.15165	75.63401	73.89802
128.838	73.863	75.25483	75.15721	75.6383	73.90121
129.348	73.86687	75.2587	75.16147	75.64354	73.907
129.858	73.86987	75.2654	75.16604	75.64626	73.91195
130.368	73.8767	75.26699	75.17116	75.65356	73.91517
130.878	73.88403	75.27446	75.17419	75.6598	73.92228
131.388	73.8874	75.27859	75.18055	75.66298	73.92801
131.892	73.893	75.28352	75.18426	75.66825	73.93414
132.402	73.89813	75.28887	75.18984	75.67467	73.93778
132.912	73.90497	75.2926	75.19314	75.6783	73.9429
133.422	73.90845	75.2977	75.2009	75.68387	73.94814
133.932	73.91201	75.29976	75.20487	75.68798	73.95444
134.442	73.91895	75.30628	75.21177	75.69178	73.9571
134.952	73.92324	75.31152	75.21584	75.69556	73.96247
135.462	73.92886	75.31815	75.22207	75.70028	73.96883
135.966	73.9333	75.32236	75.22638	75.70569	73.97173
136.476	73.93745	75.326	75.23108	75.71084	73.97641
136.986	73.94107	75.33343	75.2359	75.7152	73.98173
137.496	73.94601	75.33664	75.23979	75.71942	73.98745
138.006	73.95279	75.3417	75.24642	75.72273	73.99115
138.516	73.95607	75.34777	75.24861	75.73221	73.9964
139.026	73.96218	75.35115	75.25546	75.73366	74.00237
139.536	73.96698	75.35569	75.25983	75.73977	74.00597
140.04	73.97127	75.35925	75.26725	75.7438	74.01357
140.55	73.97617	75.36566	75.26979	75.74733	74.01722
141.06	73.98159	75.37209	75.27657	75.75397	74.02227
141.57	73.98637	75.37476	75.2809	75.75917	74.02651
142.08	73.99104	75.3816	75.28629	75.76167	74.03092
142.59	73.9978	75.38506	75.28869	75.76649	74.03272
143.1	74.00202	75.39007	75.29634	75.77199	74.03877
143.61	74.00807	75.39587	75.30263	75.77827	74.04461
144.114	74.0127	75.40147	75.3031	75.78093	74.04785
144.624	74.01661	75.40699	75.30858	75.78775	74.05208
145.134	74.02193	75.41106	75.31442	75.79488	74.05675
145.644	74.02833	75.41774	75.321	75.79888	74.0622
146.154	74.03244	75.41957	75.32756	75.79925	74.06658
146.664	74.03729	75.42703	75.33109	75.80559	74.07059
147.174	74.04204	75.43262	75.33828	75.80921	74.07531
147.684	74.04742	75.43592	75.34134	75.81481	74.08083
148.188	74.05067	75.43855	75.34753	75.8208	74.0864
148.698	74.05457	75.44601	75.34961	75.82546	74.09184
149.208	74.05943	75.45192	75.35748	75.8299	74.09729
149.718	74.0671	75.45556	75.36079	75.83684	74.10202
150.228	74.07202	75.45869	75.36836	75.84005	74.10688
150.738	74.07583	75.46395	75.36975	75.8457	74.10803
151.248	74.08047	75.46869	75.3766	75.84674	74.1156
151.758	74.08456	75.47143	75.37931	75.85262	74.11885
152.262	74.09048	75.47674	75.38635	75.85775	74.12472
152.772	74.09481	75.48158	75.38984	75.86431	74.12915
153.282	74.09956	75.48581	75.39297	75.8676	74.13241
153.792	74.10572	75.4903	75.4004	75.87275	74.13751
154.302	74.11018	75.49494	75.40754	75.87708	74.14313
154.812	74.11627	75.50056	75.41161	75.8852	74.14615
155.322	74.12123	75.50521	75.41656	75.88721	74.14977
155.832	74.12339	75.51003	75.42082	75.89057	74.15425
156.336	74.1299	75.5156	75.4254	75.89504	74.15901
156.846	74.13376	75.51985	75.43043	75.90049	74.16292
157.356	74.14136	75.52321	75.4375	75.9023	74.16917
157.866	74.14452	75.52696	75.44199	75.90791	74.17608
158.376	74.1472	75.53431	75.44649	75.9139	74.17861
158.886	74.15294	75.53827	75.45036	75.91752	74.18504
159.396	74.1611	75.54206	75.45534	75.92879	74.18838
159.9	74.16201	75.54771	75.46116	75.93069	74.19225
160.41	74.1667	75.55194	75.46792	75.93428	74.19398
160.92	74.17238	75.55766	75.4705	75.93881	74.20205
161.43	74.17536	75.5624	75.47533	75.94363	74.20723
161.94	74.18174	75.56675	75.47933	75.94684	74.21004
162.45	74.18537	75.572	75.4858	75.9536	74.21555
162.96	74.19023	75.57743	75.48716	75.95842	74.22132
163.47	74.19615	75.58085	75.49631	75.96585	74.22231
163.974	74.20012	75.58379	75.50203	75.96706	74.23276
164.484	74.20475	75.59174	75.50734	75.97442	74.23563
164.994	74.21082	75.59583	75.51125	75.976	74.2383
165.504	74.21769	75.59912	75.51618	75.98059	74.2447
166.014	74.22281	75.6027	75.51982	75.98366	74.24829
166.524	74.22517	75.60742	75.52242	75.98792	74.25191
167.034	74.22824	75.61101	75.52958	75.99301	74.25688
167.544	74.2347	75.61693	75.53391	75.9965	74.26181
168.048	74.23997	75.62184	75.53901	76.00194	74.26771
168.558	74.24627	75.6259	75.54378	76.0075	74.27317
169.068	74.24938	75.63095	75.54899	76.01089	74.27538
169.578	74.25512	75.63603	75.55423	76.01554	74.27718
170.088	74.25774	75.64354	75.55887	76.02012	74.28382
170.598	74.26565	75.64737	75.56225	76.02505	74.29003
171.108	74.26975	75.64839	75.56707	76.02987	74.2933
171.618	74.27294	75.65336	75.57421	76.03606	74.29755
172.122	74.27804	75.65947	75.57753	76.03759	74.30178
172.632	74.28404	75.66685	75.58144	76.04208	74.30919
173.142	74.28909	75.67211	75.58969	76.04256	74.31266
173.652	74.29376	75.67679	75.59165	76.04824	74.3183
174.162	74.29852	75.67916	75.59584	76.05466	74.32282
174.672	74.30313	75.68711	75.60313	76.05953	74.3271
175.182	74.30883	75.68941	75.60891	76.06353	74.33248
175.692	74.31446	75.69356	75.61522	76.06784	74.33375
176.196	74.31864	75.698	75.6179	76.07406	74.33785
176.706	74.32334	75.70204	75.62193	76.07837	74.34468
177.216	74.32839	75.70744	75.62845	76.08446	74.34687
177.726	74.33506	75.70957	75.63166	76.08716	74.35191
178.236	74.33921	75.71364	75.63796	76.09346	74.35428
178.746	74.3433	75.72216	75.64574	76.09556	74.36145
179.256	74.34764	75.72692	75.64809	76.1009	74.3665
179.766	74.35041	75.72817	75.65578	76.10545	74.37015
180.27	74.35635	75.73601	75.65926	76.11131	74.37245
180.78	74.36098	75.74048	75.66387	76.11636	74.37775
181.29	74.36732	75.74478	75.66678	76.11899	74.38204
181.8	74.37063	75.74938	75.67163	76.12469	74.38546
182.31	74.37616	75.75245	75.67666	76.12919	74.38871
182.82	74.38008	75.75617	75.68171	76.13407	74.39627
183.33	74.38612	75.76255	75.68585	76.13791	74.40354
183.84	74.39296	75.76544	75.69086	76.14401	74.4095
184.344	74.3964	75.7719	75.69385	76.14598	74.41224
184.854	74.39954	75.77687	75.69909	76.15123	74.41352
185.364	74.40576	75.7818	75.70483	76.15735	74.41883
185.874	74.40884	75.78708	75.71155	76.1598	74.42402
186.384	74.41431	75.79073	75.71454	76.16575	74.42817
186.894	74.42082	75.79671	75.72008	76.17234	74.43334
187.404	74.42536	75.80284	75.72558	76.17646	74.43934
187.914	74.42895	75.80617	75.72906	76.17747	74.4433
188.418	74.43468	75.81179	75.73401	76.18291	74.44822
188.928	74.43738	75.81504	75.74073	76.18715	74.45248
189.438	74.44092	75.82231	75.7439	76.19249	74.45869
189.948	74.44743	75.82561	75.7503	76.19775	74.46186
190.458	74.45604	75.82977	75.75544	76.20183	74.46538
190.968	74.45749	75.83469	75.75981	76.20559	74.47132
191.478	74.46319	75.83913	75.76472	76.21171	74.47615
191.988	74.4661	75.84369	75.76916	76.21578	74.48024
192.492	74.47301	75.84868	75.77589	76.22151	74.48524
193.002	74.4761	75.85404	75.78087	76.22469	74.49274
193.512	74.48256	75.8579	75.78436	76.22994	74.49379
194.022	74.4864	75.86227	75.79056	76.23259	74.49764
194.532	74.49432	75.86749	75.79399	76.23721	74.50048
195.042	74.49619	75.87055	75.79912	76.24369	74.50603
195.552	74.50232	75.87664	75.80413	76.24766	74.5099
196.056	74.50541	75.88072	75.80808	76.25461	74.51614
196.566	74.51212	75.88499	75.81426	76.25863	74.52086
197.076	74.51449	75.88779	75.81914	76.26078	74.524
197.586	74.51921	75.89465	75.82174	76.26538	74.52879
198.096	74.5247	75.89927	75.82704	76.2706	74.53371
198.606	74.52837	75.90332	75.83299	76.27527	74.54018
199.116	74.53404	75.90797	75.83627	76.27991	74.54288
199.626	74.53929	75.91441	75.84194	76.28355	74.54657
200.13	74.54447	75.91803	75.84552	76.28989	74.55223
200.64	74.54721	75.92156	75.85141	76.29137	74.55582
201.15	74.55217	75.92481	75.85273	76.29727	74.56324
201.66	74.55891	75.92696	75.85989	76.30336	74.56767
202.17	74.56361	75.93489	75.86558	76.30713	74.57038
202.68	74.56867	75.94183	75.86902	76.31283	74.57479
203.19	74.57267	75.94476	75.8745	76.31883	74.57757
203.7	74.57499	75.94849	75.87916	76.32054	74.58574
204.204	74.58287	75.95478	75.88518	76.32585	74.58929
204.714	74.586	75.95961	75.88849	76.33044	74.59489
205.224	74.59173	75.9656	75.89124	76.33202	74.59845
205.734	74.59734	75.96912	75.89586	76.33947	74.60336
206.244	74.60156	75.97352	75.90023	76.34168	74.60702
206.754	74.60646	75.98055	75.90634	76.34721	74.61118
207.264	74.61008	75.98065	75.91035	76.34949	74.61465
207.774	74.61623	75.98612	75.91605	76.35393	74.62169
208.278	74.62087	75.99242	75.91831	76.35996	74.6266
208.788	74.62335	75.99778	75.92362	76.36685	74.62921
209.298	74.62964	76.00053	75.93012	76.36878	74.63386
209.808	74.63499	76.00357	75.93342	76.37247	74.63905
210.318	74.63923	76.00792	75.93845	76.3786	74.64243
210.828	74.64361	76.0155	75.94346	76.38236	74.6482
211.338	74.65001	76.02019	75.94786	76.38539	74.65421
211.848	74.6544	76.02423	75.9504	76.39047	74.6575
212.352	74.6589	76.02661	75.95625	76.39437	74.66257
212.862	74.66458	76.02902	75.96126	76.40285	74.66527
213.372	74.66892	76.0363	75.96709	76.40528	74.67052
213.882	74.67247	76.04124	75.97231	76.40896	74.67498
214.392	74.67919	76.04602	75.97544	76.41332	74.67906
214.902	74.68217	76.04914	75.98239	76.42032	74.68116
215.412	74.68994	76.05445	75.98422	76.42518	74.68856
215.916	74.69061	76.05735	75.98937	76.42823	74.69232
216.426	74.69677	76.06117	75.9944	76.43077	74.69605
216.936	74.70232	76.06936	75.99914	76.43387	74.70253
217.446	74.70516	76.07204	76.00215	76.4416	74.7057
217.956	74.71257	76.07704	76.00923	76.44683	74.71102
218.466	74.71749	76.08417	76.01548	76.45327	74.71518
218.976	74.71786	76.08662	76.02089	76.45547	74.71833
219.486	74.72515	76.09117	76.0279	76.45892	74.72217
219.996	74.7314	76.09467	76.0299	76.46263	74.72805
220.5	74.73291	76.09787	76.03274	76.46703	74.73033
221.01	74.74006	76.1047	76.03927	76.47291	74.73537
221.52	74.74372	76.10849	76.04668	76.47717	74.74085
222.03	74.74878	76.11429	76.04825	76.48046	74.74559
222.54	74.75301	76.11742	76.05443	76.4844	74.74916
223.05	74.75829	76.12198	76.05655	76.49124	74.75399
223.56	74.76258	76.12958	76.06169	76.49349	74.75666
224.07	74.76837	76.13288	76.06713	76.49941	74.76136
224.574	74.77329	76.13439	76.07378	76.50126	74.76644
225.084	74.77748	76.13964	76.07637	76.50863	74.76956
225.594	74.78281	76.14326	76.08031	76.51167	74.77393
226.104	74.78583	76.14812	76.0872	76.51699	74.78005
226.614	74.79125	76.15305	76.09266	76.51897	74.78346
227.124	74.79513	76.15994	76.09326	76.52658	74.78955
227.634	74.79935	76.16447	76.09815	76.52768	74.79517
228.144	74.80446	76.16816	76.10396	76.53242	74.79801
228.648	74.80918	76.17158	76.10686	76.53699	74.80429
229.158	74.81372	76.17783	76.11033	76.54496	74.80681
229.668	74.81898	76.18177	76.11878	76.5467	74.80968
230.178	74.82031	76.18802	76.12124	76.55162	74.81519
230.688	74.8259	76.19137	76.12449	76.55625	74.82034
231.198	74.83195	76.19435	76.13008	76.5638	74.82365
231.708	74.83801	76.19717	76.13308	76.56627	74.82837
232.212	74.84028	76.20484	76.13792	76.56836	74.83353
232.722	74.84509	76.2082	76.14325	76.57284	74.83602
233.232	74.85031	76.21444	76.15003	76.57755	74.84312
233.742	74.85514	76.21629	76.15389	76.58226	74.84893
234.252	74.86184	76.22232	76.15807	76.58723	74.85103
234.762	74.86424	76.22663	76.16529	76.59151	74.8555
235.272	74.86918	76.23413	76.16811	76.59662	74.85827
235.782	74.87472	76.23805	76.17235	76.60064	74.86494
236.286	74.87945	76.2406	76.17618	76.60313	74.86794
236.796	74.88267	76.2455	76.1812	76.60637	74.87306
237.306	74.88658	76.2494	76.18544	76.61206	74.87793
237.816	74.89237	76.25599	76.19078	76.6175	74.8806
238.326	74.89846	76.25859	76.19508	76.62292	74.88735
238.836	74.89955	76.26594	76.1999	76.62568	74.89349
239.346	74.906	76.27048	76.20553	76.63177	74.89616
239.856	74.91168	76.27628	76.21038	76.63671	74.89742
240.36	74.9153	76.2769	76.21487	76.64199	74.90386
240.87	74.91952	76.28498	76.22022	76.6476	74.90688
241.38	74.92456	76.28662	76.22271	76.65117	74.91328
241.89	74.92784	76.29172	76.22775	76.65484	74.91676
242.4	74.93332	76.29659	76.23476	76.66003	74.91927
242.91	74.93815	76.29878	76.24107	76.66569	74.92524
243.42	74.94181	76.30312	76.24327	76.66882	74.93277
243.93	74.94809	76.30787	76.24763	76.67338	74.93596
244.434	74.95235	76.31158	76.25175	76.67836	74.93881
244.944	74.95711	76.31436	76.2562	76.68182	74.9443
245.454	74.96391	76.3204	76.26213	76.68896	74.94925
245.964	74.967	76.32495	76.26596	76.69179	74.95388
246.474	74.97333	76.33093	76.26999	76.69596	74.958
246.984	74.97601	76.33616	76.27664	76.70192	74.96156
247.494	74.98188	76.3414	76.28356	76.70555	74.96676
248.004	74.98345	76.34303	76.28705	76.71124	74.97115
248.508	74.99197	76.34726	76.28795	76.71421	74.97533
249.018	74.99773	76.35091	76.29404	76.71646	74.97872
249.528	75.00219	76.35619	76.30029	76.7246	74.984
250.038	75.00585	76.35936	76.30553	76.72819	74.98661
250.548	75.01116	76.3635	76.30845	76.72904	74.99229
251.058	75.01133	76.36976	76.31389	76.73224	74.9977
251.568	75.01616	76.37317	76.31784	76.74231	75.00238
252.078	75.0192	76.37645	76.32179	76.7434	75.00666
252.582	75.02322	76.3808	76.32588	76.74861	75.01241
253.092	75.02941	76.38609	76.32993	76.75269	75.01728
253.602	75.03602	76.39143	76.33498	76.75664	75.01877
254.112	75.03993	76.39513	76.33899	76.76214	75.02384
254.622	75.04707	76.39944	76.34212	76.76701	75.02851
255.132	75.04794	76.40499	76.35131	76.7711	75.03491
255.642	75.05291	76.40921	76.35355	76.77794	75.03543
256.152	75.05774	76.41487	76.35659	76.78205	75.04226
256.656	75.06457	76.41938	76.36363	76.78489	75.04447
257.166	75.06668	76.42269	76.36773	76.79077	75.05026
257.676	75.07134	76.42676	76.37377	76.79558	75.05629
258.186	75.07788	76.43024	76.37945	76.79939	75.06332
258.696	75.08269	76.43568	76.38242	76.80357	75.06592
259.206	75.08942	76.43977	76.38764	76.80947	75.07045
259.716	75.09179	76.44441	76.39442	76.81284	75.07315
260.226	75.09687	76.44642	76.39802	76.81728	75.07655
260.73	75.10228	76.45026	76.40182	76.82182	75.07991
261.24	75.10863	76.45743	76.40472	76.82589	75.08666
261.75	75.11078	76.46083	76.41176	76.83157	75.08839
262.26	75.11836	76.46665	76.41464	76.83632	75.09342
262.77	75.12029	76.47236	76.41673	76.84134	75.09697
263.28	75.12325	76.47361	76.42125	76.84786	75.10087
263.79	75.12949	76.47695	76.42957	76.85186	75.1068
264.294	75.13391	76.48049	76.43391	76.85707	75.11189
264.804	75.13711	76.48526	76.438	76.86137	75.11684
265.314	75.14145	76.49063	76.44162	76.86302	75.12004
265.824	75.14777	76.49438	76.44642	76.86991	75.12536
266.334	75.15139	76.5	76.45004	76.87186	75.13018
266.844	75.15894	76.50428	76.4561	76.87817	75.13586
267.354	75.16205	76.51033	76.46116	76.88346	75.14197
267.858	75.16664	76.51567	76.4655	76.88772	75.14462
268.368	75.17238	76.51936	76.46878	76.89107	75.14825
268.878	75.1767	76.52444	76.47426	76.89444	75.15412
269.388	75.1801	76.52621	76.47794	76.89914	75.15642
269.898	75.1852	76.53274	76.48258	76.90339	75.16179
270.408	75.19079	76.53823	76.48727	76.9074	75.16625
270.918	75.19456	76.54257	76.4918	76.91304	75.17107
271.428	75.19857	76.54647	76.49646	76.91843	75.17356
271.938	75.2043	76.55239	76.50047	76.92246	75.17829
272.442	75.20736	76.55445	76.50626	76.92736	75.18276
272.952	75.21079	76.55928	76.51053	76.93133	75.18594
273.462	75.21731	76.56402	76.51357	76.93634	75.19279
273.972	75.22356	76.56792	76.51872	76.94206	75.19823
274.482	75.22602	76.5729	76.52123	76.94305	75.20004
274.992	75.23231	76.57651	76.52651	76.94925	75.20501
275.502	75.23559	76.58093	76.5317	76.95321	75.20633
276.012	75.24128	76.58283	76.53499	76.95656	75.21401
276.516	75.24377	76.59085	76.53985	76.96234	75.22048
277.026	75.25049	76.59321	76.54473	76.96763	75.22645
277.536	75.25217	76.60091	76.55089	76.97354	75.22906
278.046	75.25922	76.60533	76.55829	76.97761	75.23222
278.556	75.26369	76.60941	76.56103	76.98103	75.2374
279.066	75.26878	76.61423	76.56327	76.9858	75.24285
279.576	75.27371	76.619	76.56727	76.98817	75.24533
280.086	75.27916	76.62152	76.57016	76.99367	75.24942
280.59	75.28251	76.62782	76.57682	76.99865	75.25377
281.1	75.2872	76.6304	76.58349	77.00216	75.25697
281.61	75.29269	76.63346	76.58646	77.00487	75.26067
282.12	75.29672	76.63964	76.59223	77.01059	75.26688
282.63	75.29984	76.64465	76.59617	77.01466	75.27046
283.14	75.30558	76.64794	76.59995	77.01682	75.27111
283.65	75.30982	76.65333	76.60289	77.02293	75.27637
284.154	75.31583	76.65625	76.61046	77.02759	75.28285
284.664	75.31998	76.66018	76.61532	77.03176	75.28686
285.174	75.32316	76.66557	76.61839	77.03721	75.2929
285.684	75.32955	76.66781	76.62372	77.04142	75.29574
286.194	75.33389	76.6728	76.6284	77.04735	75.29874
286.704	75.33941	76.67602	76.63186	77.05409	75.3065
287.214	75.34378	76.67905	76.63875	77.05849	75.30968
287.724	75.34861	76.68377	76.64295	77.06231	75.31425
288.234	75.35379	76.69041	76.64641	77.06614	75.31613
288.738	75.35869	76.69551	76.65069	77.07172	75.32298
289.248	75.36357	76.69927	76.65618	77.0767	75.32664
289.758	75.36807	76.70308	76.65832	77.07936	75.33395
290.268	75.37159	76.71022	76.66263	77.08251	75.33702
290.778	75.37406	76.71205	76.66769	77.08978	75.34055
291.288	75.3807	76.71885	76.67518	77.09254	75.34484
291.798	75.38518	76.72369	76.67853	77.10107	75.34821
292.308	75.3873	76.72885	76.68204	77.10181	75.35333
292.812	75.39511	76.73335	76.68623	77.10387	75.35712
293.322	75.39814	76.73684	76.6912	77.10979	75.36249
293.832	75.40312	76.74238	76.69563	77.1157	75.36772
294.342	75.40801	76.74441	76.70044	77.11949	75.37234
294.852	75.41187	76.74588	76.70445	77.12446	75.37638
295.362	75.41672	76.75007	76.7084	77.13066	75.37832
295.872	75.42247	76.75573	76.7126	77.132	75.38231
296.376	75.42663	76.76156	76.71758	77.13619	75.38592
296.886	75.42901	76.76719	76.72398	77.14163	75.39195
297.396	75.43537	76.76986	76.72763	77.14559	75.3952
297.906	75.44	76.77497	76.73239	77.15077	75.39998
298.416	75.4441	76.78045	76.73416	77.15556	75.40287
298.926	75.44777	76.78483	76.74118	77.16131	75.40771
299.436	75.45234	76.79026	76.74537	77.16404	75.41309
299.94	75.45575	76.79147	76.7516	77.16842	75.41597
300.45	75.46342	76.79705	76.75646	77.17245	75.41999
300.96	75.46663	76.80236	76.76107	77.17449	75.42385
301.47	75.47151	76.80733	76.7645	77.18102	75.42999
301.98	75.47753	76.81149	76.76635	77.18569	75.43462
302.49	75.48168	76.81401	76.77129	77.1906	75.4406
303	75.48477	76.81931	76.77721	77.19205	75.4409
303.51	75.48918	76.82221	76.78123	77.19812	75.44642
304.014	75.49389	76.82705	76.78663	77.20382	75.44941
304.524	75.499	76.83327	76.79016	77.20985	75.45382
305.034	75.5035	76.83526	76.79539	77.21331	75.45834
305.544	75.5055	76.8409	76.80351	77.21856	75.4639
306.054	75.51085	76.84661	76.80637	77.22213	75.46766
306.564	75.5166	76.84834	76.80943	77.22589	75.47105
307.074	75.51857	76.85314	76.8138	77.22921	75.47452
307.584	75.52406	76.86105	76.8204	77.2341	75.48256
308.088	75.52975	76.86285	76.82525	77.24269	75.48637
308.598	75.53312	76.86777	76.83024	77.2436	75.48902
309.108	75.53883	76.87088	76.83236	77.24797	75.49451
309.618	75.54403	76.87669	76.83486	77.25415	75.49801
310.128	75.54756	76.88313	76.84067	77.25628	75.50468
310.638	75.55308	76.88622	76.84385	77.26042	75.50873
311.148	75.55892	76.89087	76.85084	77.26475	75.51315
311.658	75.56322	76.89526	76.85383	77.27056	75.51668
312.162	75.56627	76.90093	76.86109	77.27154	75.52159
312.672	75.57111	76.90485	76.86476	77.28066	75.52625
313.182	75.57355	76.91062	76.87045	77.28495	75.52829
313.692	75.57857	76.91379	76.87547	77.28961	75.53407
314.202	75.58212	76.91707	76.87797	77.29221	75.53763
314.712	75.58888	76.91992	76.88203	77.29712	75.54342
315.222	75.59328	76.92675	76.8866	77.30173	75.54626
315.732	75.5988	76.92968	76.89069	77.30946	75.54972
316.236	75.60131	76.93433	76.89568	77.31343	75.55493
316.746	75.60848	76.94078	76.90131	77.31631	75.55918
317.256	75.61084	76.94364	76.908	77.32094	75.56158
317.766	75.61647	76.94829	76.90968	77.32417	75.56949
318.276	75.62041	76.95091	76.91572	77.32798	75.57108
318.786	75.62823	76.95589	76.91796	77.33398	75.57264
319.296	75.63296	76.96006	76.92184	77.33973	75.58001
319.806	75.63427	76.96318	76.92831	77.34308	75.58345
320.31	75.63811	76.96608	76.93219	77.34559	75.58878
320.82	75.64514	76.97362	76.93361	77.35032	75.5913
321.33	75.6486	76.97762	76.94042	77.35675	75.59701
321.84	75.65523	76.98157	76.94373	77.36092	75.6041
322.35	75.65848	76.98673	76.94966	77.36559	75.60596
322.86	75.66386	76.99031	76.95422	77.36905	75.60907
323.37	75.66834	76.99568	76.95978	77.37492	75.61226
323.874	75.6726	76.99936	76.96238	77.37789	75.61839
324.384	75.67869	77.004	76.96886	77.38074	75.62381
324.894	75.68158	77.01051	76.97391	77.38719	75.62733
325.404	75.68752	77.01192	76.97773	77.39073	75.6318
325.914	75.69174	77.01689	76.98006	77.39561	75.63335
326.424	75.69659	77.02014	76.9846	77.40123	75.63889
326.934	75.69869	77.0259	76.98985	77.40461	75.64191
327.444	75.70361	77.02748	76.99417	77.40719	75.64486
327.948	75.70701	77.032	76.99986	77.41186	75.64772
328.458	75.70994	77.03469	77.00688	77.41503	75.65252
328.968	75.7128	77.0381	77.00813	77.41939	75.65672
